{
  "healthy": 0.4727386591355401,
  "lung": 0.5162190818234141,
  "spleen": 0.5255684407634177,
  "kidney": 0.48962629955000136,
  "liver_left": 0.5245612468161727,
  "liver_right": 0.5229855397524691,
  "ratios": {
    "lung": 0.36748359448238915,
    "spleen": 0.17454577920628545,
    "kidney": 0.2257042096334985,
    "liver_left": 0.10841777896820082,
    "liver_right": 0.12384863770962606
  }
}