{
  "healthy": 0.4671348999955027,
  "lung": 0.488954643413873,
  "spleen": 0.5249063576544462,
  "kidney": 0.47697399271215735,
  "liver_left": 0.4695345674719489,
  "liver_right": 0.48246047527860453,
  "ratios": {
    "lung": 0.338955602697174,
    "spleen": 0.4411887264186681,
    "kidney": 0.17543942722933556,
    "liver_left": 0.02735055686036821,
    "liver_right": 0.026034169255246608
  }
}