{
  "healthy": 0.47163789427688085,
  "lung": 0.5078114815052036,
  "spleen": 0.5286773504025969,
  "kidney": 0.48942171543139984,
  "liver_left": 0.4927845196262067,
  "liver_right": 0.48920448638019715,
  "ratios": {
    "lung": 0.34426290492983946,
    "spleen": 0.41943068017796825,
    "kidney": 0.16832581878785174,
    "liver_left": 0.030764995610315017,
    "liver_right": 0.036932875020460394
  }
}