{
  "healthy": 0.4799837908680036,
  "lung": 0.543203242424108,
  "spleen": 0.5581957304039746,
  "kidney": 0.44051949797066403,
  "liver_left": 0.551937786132201,
  "liver_right": 0.5301888766569552,
  "ratios": {
    "lung": 0.19427197609822136,
    "spleen": 0.3901778628448719,
    "kidney": 0.250151720274497,
    "liver_left": 0.08213902245460063,
    "liver_right": 0.08318939358573363
  }
}