{
  "healthy": 0.4792110352750094,
  "lung": 0.5234318743671275,
  "spleen": 0.5284207709067941,
  "kidney": 0.511334727969885,
  "liver_left": 0.508587719407709,
  "liver_right": 0.526522284875853,
  "ratios": {
    "lung": 0.2635381114903299,
    "spleen": 0.35849179262148545,
    "kidney": 0.17758004225581017,
    "liver_left": 0.09656265236470014,
    "liver_right": 0.1038274012676743
  }
}