{
  "healthy": 0.4717609080669205,
  "lung": 0.4991311236077527,
  "spleen": 0.5299861779525048,
  "kidney": 0.5031956288450399,
  "liver_left": 0.5014037194453197,
  "liver_right": 0.5103890433527857,
  "ratios": {
    "lung": 0.2620336742348284,
    "spleen": 0.3611253462861047,
    "kidney": 0.1983318850590079,
    "liver_left": 0.08419301411881791,
    "liver_right": 0.09431608030124106
  }
}