{
  "healthy": 0.43867906180963556,
  "lung": 0.5262270203516619,
  "spleen": 0.44373040879006326,
  "kidney": 0.4004987104310487,
  "liver_left": 0.446271876562626,
  "liver_right": 0.4444975833923953,
  "ratios": {
    "lung": 0.4247152619589977,
    "spleen": 0.18068843330802328,
    "kidney": 0.19702606934953176,
    "liver_left": 0.10828904074917742,
    "liver_right": 0.08928119463426981
  }
}