{
  "healthy": 0.44969682220567525,
  "lung": 0.47247806159920264,
  "spleen": 0.5101602343645809,
  "kidney": 0.4638724287824442,
  "liver_left": 0.448150533047039,
  "liver_right": 0.43710201383004593,
  "ratios": {
    "lung": 0.3295045174656155,
    "spleen": 0.41345456638084827,
    "kidney": 0.19798584335616043,
    "liver_left": 0.030948955515911838,
    "liver_right": 0.027450077688899118
  }
}