{
  "healthy": 0.4672568187947491,
  "lung": 0.5016336076422712,
  "spleen": 0.5168329828556839,
  "kidney": 0.5037142814564871,
  "liver_left": 0.5033150885539706,
  "liver_right": 0.5138562940480403,
  "ratios": {
    "lung": 0.334604597674173,
    "spleen": 0.17451916871046858,
    "kidney": 0.243319994836711,
    "liver_left": 0.11982350939366558,
    "liver_right": 0.12773272938498187
  }
}