{
  "healthy": 0.4523744938591003,
  "lung": 0.524001663114079,
  "spleen": 0.48554367962367756,
  "kidney": 0.4376519436361903,
  "liver_left": 0.5076521808404441,
  "liver_right": 0.48049255541096697,
  "ratios": {
    "lung": 0.2617237717288022,
    "spleen": 0.3651836118718909,
    "kidney": 0.196774914761612,
    "liver_left": 0.08789335420043598,
    "liver_right": 0.08842434743725895
  }
}