{
  "healthy": 0.42827670741519047,
  "lung": 0.4036601294937327,
  "spleen": 0.4537142654272372,
  "kidney": 0.5167847837016146,
  "liver_left": 0.41895708204109355,
  "liver_right": 0.4899504032703918,
  "ratios": {
    "lung": 0.2262865855182584,
    "spleen": 0.3599190182209003,
    "kidney": 0.24754430253193033,
    "liver_left": 0.08315628983478718,
    "liver_right": 0.08240645854682696
  }
}