{
  "healthy": 0.4289239305085549,
  "lung": 0.40675814486952927,
  "spleen": 0.453742144628884,
  "kidney": 0.5175228953689436,
  "liver_left": 0.42107747551012675,
  "liver_right": 0.49088360920976715,
  "ratios": {
    "lung": 0.22909390027841053,
    "spleen": 0.3614781068084029,
    "kidney": 0.24555808656036446,
    "liver_left": 0.08239686155403696,
    "liver_right": 0.08066312325993419
  }
}