{
  "healthy": 0.4287172700755699,
  "lung": 0.40675814486952927,
  "spleen": 0.4535837474905971,
  "kidney": 0.5175228953689436,
  "liver_left": 0.45908623350690675,
  "liver_right": 0.4508904681612862,
  "ratios": {
    "lung": 0.22909390027841053,
    "spleen": 0.4343963553530752,
    "kidney": 0.24555808656036446,
    "liver_left": 0.04601366742596811,
    "liver_right": 0.0441280688433308
  }
}