{
  "healthy": 0.4799541572835933,
  "lung": 0.5280130457274669,
  "spleen": 0.5267117367983353,
  "kidney": 0.5130612219175139,
  "liver_left": 0.509112283631463,
  "liver_right": 0.5163993525590997,
  "ratios": {
    "lung": 0.2629517360837729,
    "spleen": 0.43806590032280923,
    "kidney": 0.18145224785449965,
    "liver_left": 0.06041847098653649,
    "liver_right": 0.0571116447523817
  }
}