{
  "healthy": 0.4850019975279717,
  "lung": 0.49124497568599995,
  "spleen": 0.5297115027570559,
  "kidney": 0.5202585502132272,
  "liver_left": 0.5159180167366467,
  "liver_right": 0.523829925104086,
  "ratios": {
    "lung": 0.3551438322769381,
    "spleen": 0.31903136681293676,
    "kidney": 0.15645213716886072,
    "liver_left": 0.10002437835202341,
    "liver_right": 0.10126767430521696
  }
}