{
  "healthy": 0.4789541251764032,
  "lung": 0.5226691954731554,
  "spleen": 0.5288163786372185,
  "kidney": 0.5112570221954018,
  "liver_left": 0.5072174646499151,
  "liver_right": 0.525745662572504,
  "ratios": {
    "lung": 0.2620543047637453,
    "spleen": 0.356274358231069,
    "kidney": 0.18006570683157794,
    "liver_left": 0.09706251811769254,
    "liver_right": 0.10454311205591522
  }
}