{
  "healthy": 0.4473921690581511,
  "lung": 0.49939453634708925,
  "spleen": 0.4661809358041702,
  "kidney": 0.47623690735952134,
  "liver_left": 0.5033513805631755,
  "liver_right": 0.4750495752943049,
  "ratios": {
    "lung": 0.28563775797902335,
    "spleen": 0.3712360437577535,
    "kidney": 0.16784143453253636,
    "liver_left": 0.08920717266268186,
    "liver_right": 0.08607759106800496
  }
}