{
  "healthy": 0.4754386060325376,
  "lung": 0.5081789571183778,
  "spleen": 0.5292015745300787,
  "kidney": 0.49043652519757325,
  "liver_left": 0.49252027994287234,
  "liver_right": 0.4955459174072396,
  "ratios": {
    "lung": 0.35452286356263857,
    "spleen": 0.4171093552371174,
    "kidney": 0.17027513652664317,
    "liver_left": 0.028354388940969897,
    "liver_right": 0.037743850720949955
  }
}