{
  "healthy": 0.46454759585490807,
  "lung": 0.48278671535783135,
  "spleen": 0.5267382998974837,
  "kidney": 0.48586295621643394,
  "liver_left": 0.49820966400813943,
  "liver_right": 0.5042253438296311,
  "ratios": {
    "lung": 0.2471020531858474,
    "spleen": 0.3682570649291613,
    "kidney": 0.1934237442230472,
    "liver_left": 0.09505454958708993,
    "liver_right": 0.09616258807485416
  }
}