{
  "healthy": 0.47136276122852916,
  "lung": 0.4997224203797643,
  "spleen": 0.5285100380988571,
  "kidney": 0.50258322109613,
  "liver_left": 0.5015108317551867,
  "liver_right": 0.510147802723805,
  "ratios": {
    "lung": 0.26451200095233846,
    "spleen": 0.3615091588173147,
    "kidney": 0.19395711500974658,
    "liver_left": 0.08569557906641073,
    "liver_right": 0.09432614615418955
  }
}