{
  "healthy": 0.4754409872912122,
  "lung": 0.5207718281000576,
  "spleen": 0.5295382712236011,
  "kidney": 0.499138851585676,
  "liver_left": 0.5172884769150219,
  "liver_right": 0.5226559444178258,
  "ratios": {
    "lung": 0.4100188979658646,
    "spleen": 0.1536910554588337,
    "kidney": 0.2664836391232534,
    "liver_left": 0.07853072035474606,
    "liver_right": 0.09285299763403419
  }
}