{
  "healthy": 0.45351286170815874,
  "lung": 0.48743153762253977,
  "spleen": 0.4783873635220087,
  "kidney": 0.5117251253088293,
  "liver_left": 0.491826600189624,
  "liver_right": 0.478679652435056,
  "ratios": {
    "lung": 0.22517534913730305,
    "spleen": 0.35759776885133304,
    "kidney": 0.21882739817262264,
    "liver_left": 0.10168168668179074,
    "liver_right": 0.09671779715695049
  }
}