{
  "healthy": 0.42931271810607974,
  "lung": 0.45895795899756564,
  "spleen": 0.4509943357052282,
  "kidney": 0.46893065285602603,
  "liver_left": 0.4294226735099307,
  "liver_right": 0.48238929795190705,
  "ratios": {
    "lung": 0.37215775810840396,
    "spleen": 0.1843117630500735,
    "kidney": 0.21952897757482875,
    "liver_left": 0.11090607700247083,
    "liver_right": 0.11309542426422294
  }
}