{
  "healthy": 0.4666077863674595,
  "lung": 0.5197976418425466,
  "spleen": 0.5314809004859904,
  "kidney": 0.4836078843386543,
  "liver_left": 0.527192294793682,
  "liver_right": 0.5271047415426054,
  "ratios": {
    "lung": 0.4777690928318543,
    "spleen": 0.04135822336659157,
    "kidney": 0.41546737781047405,
    "liver_left": 0.023817186997103314,
    "liver_right": 0.041588118993976735
  }
}