{
  "healthy": 0.4359055753224655,
  "lung": 0.40675814486952927,
  "spleen": 0.4499086100617598,
  "kidney": 0.52625350704747,
  "liver_left": 0.447899759726585,
  "liver_right": 0.4380373069704327,
  "ratios": {
    "lung": 0.22909390027841053,
    "spleen": 0.335041761579347,
    "kidney": 0.3725259427992913,
    "liver_left": 0.03334598835737788,
    "liver_right": 0.027992913186535056
  }
}