{
  "healthy": 0.464000968506376,
  "lung": 0.5363651272603832,
  "spleen": 0.4752762549528281,
  "kidney": 0.5273453363818509,
  "liver_left": 0.5233978836999156,
  "liver_right": 0.519470871787786,
  "ratios": {
    "lung": 0.4011495157861586,
    "spleen": 0.14332532871427447,
    "kidney": 0.2690339343358791,
    "liver_left": 0.09705928667034092,
    "liver_right": 0.05090150381859696
  }
}