{
  "healthy": 0.48463475868564254,
  "lung": 0.5081789571183778,
  "spleen": 0.529764553967099,
  "kidney": 0.49043652519757325,
  "liver_left": 0.5111720226374149,
  "liver_right": 0.5176602164230308,
  "ratios": {
    "lung": 0.35452286356263857,
    "spleen": 0.31053673199113135,
    "kidney": 0.17027513652664317,
    "liver_left": 0.09207178250970939,
    "liver_right": 0.10388673124711695
  }
}