{
  "healthy": 0.4477436722769585,
  "lung": 0.45887756896882337,
  "spleen": 0.5130233221409057,
  "kidney": 0.47333557103227397,
  "liver_left": 0.46725750818943595,
  "liver_right": 0.45855061082729465,
  "ratios": {
    "lung": 0.27292355441603133,
    "spleen": 0.35661111485954616,
    "kidney": 0.21687695387175854,
    "liver_left": 0.07514112857881834,
    "liver_right": 0.0783347952229944
  }
}