{
  "healthy": 0.4713725869779332,
  "lung": 0.4997224203797643,
  "spleen": 0.5278477159959855,
  "kidney": 0.50258322109613,
  "liver_left": 0.49005558996337895,
  "liver_right": 0.49740302904655564,
  "ratios": {
    "lung": 0.26451200095233846,
    "spleen": 0.4328973408925197,
    "kidney": 0.19395711500974658,
    "liver_left": 0.04996800738062289,
    "liver_right": 0.0586655357647724
  }
}