{
  "healthy": 0.48256868974425865,
  "lung": 0.5281089355988023,
  "spleen": 0.5299169117892716,
  "kidney": 0.49061941123019615,
  "liver_left": 0.5005708082365303,
  "liver_right": 0.5060640591540493,
  "ratios": {
    "lung": 0.355424769703173,
    "spleen": 0.436569955121644,
    "kidney": 0.16037123061176287,
    "liver_left": 0.02829501614046138,
    "liver_right": 0.02852137626958507
  }
}