{
  "healthy": 0.42946743380050495,
  "lung": 0.41697122078207544,
  "spleen": 0.4560023201804077,
  "kidney": 0.5058148652309694,
  "liver_left": 0.46055555886051874,
  "liver_right": 0.4412654968719148,
  "ratios": {
    "lung": 0.3142242470260693,
    "spleen": 0.4259174892432296,
    "kidney": 0.22808149835484687,
    "liver_left": 0.026347760060744116,
    "liver_right": 0.014730447987851177
  }
}