{
  "healthy": 0.46570692711515116,
  "lung": 0.5313678595476229,
  "spleen": 0.49077147396660914,
  "kidney": 0.4824330989908782,
  "liver_left": 0.5155816071259091,
  "liver_right": 0.5051839976496345,
  "ratios": {
    "lung": 0.29114459871317305,
    "spleen": 0.36203296083079356,
    "kidney": 0.17228242465289537,
    "liver_left": 0.08697369906309967,
    "liver_right": 0.08756631674003838
  }
}