{
  "healthy": 0.4754180001250624,
  "lung": 0.5081789571183778,
  "spleen": 0.5288352732833745,
  "kidney": 0.49043652519757325,
  "liver_left": 0.4897189726250639,
  "liver_right": 0.4860659556006536,
  "ratios": {
    "lung": 0.35452286356263857,
    "spleen": 0.43210868562415367,
    "kidney": 0.17027513652664317,
    "liver_left": 0.020832403315328183,
    "liver_right": 0.030162343942978734
  }
}