{
  "healthy": 0.4582155181327326,
  "lung": 0.5207718281000576,
  "spleen": 0.5295689493700273,
  "kidney": 0.499138851585676,
  "liver_left": 0.5194727953239051,
  "liver_right": 0.5213899055186819,
  "ratios": {
    "lung": 0.4100188979658646,
    "spleen": 0.14311117063226345,
    "kidney": 0.2664836391232534,
    "liver_left": 0.08664791750368288,
    "liver_right": 0.05315238903025163
  }
}