{
  "healthy": 0.4558761100548752,
  "lung": 0.524953992155114,
  "spleen": 0.4978075991794121,
  "kidney": 0.43405107139284255,
  "liver_left": 0.5136430720462436,
  "liver_right": 0.4780540508600078,
  "ratios": {
    "lung": 0.2596952327694674,
    "spleen": 0.3621697189990214,
    "kidney": 0.19359709212917656,
    "liver_left": 0.09059136026841884,
    "liver_right": 0.09394659583391583
  }
}