{
  "healthy": 0.42660268999741136,
  "lung": 0.4485370702684394,
  "spleen": 0.48161774833116877,
  "kidney": 0.42880662117228335,
  "liver_left": 0.46986431421590374,
  "liver_right": 0.4760321631247568,
  "ratios": {
    "lung": 0.37166915166112324,
    "spleen": 0.17681691325457813,
    "kidney": 0.22003670145658905,
    "liver_left": 0.10914860266850174,
    "liver_right": 0.12232863095920786
  }
}