{
  "healthy": 0.4806710309887112,
  "lung": 0.5280130457274669,
  "spleen": 0.528797310331783,
  "kidney": 0.5130612219175139,
  "liver_left": 0.5191586311821227,
  "liver_right": 0.5185945641666289,
  "ratios": {
    "lung": 0.2629517360837729,
    "spleen": 0.3660833792614755,
    "kidney": 0.18145224785449965,
    "liver_left": 0.09639988977245886,
    "liver_right": 0.09311274702779308
  }
}