{
  "healthy": 0.4254838235148823,
  "lung": 0.44366263918708904,
  "spleen": 0.4805576735111382,
  "kidney": 0.4289290017969738,
  "liver_left": 0.47656628893624803,
  "liver_right": 0.47573894058004845,
  "ratios": {
    "lung": 0.3847387877519704,
    "spleen": 0.17228150938132106,
    "kidney": 0.21266652716746878,
    "liver_left": 0.11595870823742764,
    "liver_right": 0.11435446746181209
  }
}