{
  "healthy": 0.49288133868564343,
  "lung": 0.5319485374883538,
  "spleen": 0.5551365428982548,
  "kidney": 0.535761430850446,
  "liver_left": 0.5507824905295775,
  "liver_right": 0.5421499435236445,
  "ratios": {
    "lung": 0.448975304607628,
    "spleen": 0.20643293963867232,
    "kidney": 0.16514168339479948,
    "liver_left": 0.07686382521824378,
    "liver_right": 0.10258624714065637
  }
}