{
  "healthy": 0.47178654516108626,
  "lung": 0.4997224203797643,
  "spleen": 0.5264983917957241,
  "kidney": 0.5136318216990623,
  "liver_left": 0.492118912708071,
  "liver_right": 0.4920413553784147,
  "ratios": {
    "lung": 0.26451200095233846,
    "spleen": 0.33747005342023423,
    "kidney": 0.31499337827180335,
    "liver_left": 0.03680639257176019,
    "liver_right": 0.045935449310298644
  }
}