{
  "healthy": 0.46438270368633455,
  "lung": 0.48277121150756863,
  "spleen": 0.5268807340173197,
  "kidney": 0.48572743197893603,
  "liver_left": 0.4982460506789462,
  "liver_right": 0.5039249613324719,
  "ratios": {
    "lung": 0.2504752626949523,
    "spleen": 0.3647558426573096,
    "kidney": 0.19634733427282444,
    "liver_left": 0.09545923144583897,
    "liver_right": 0.09296232892907473
  }
}