{
  "healthy": 0.47718276421792744,
  "lung": 0.5427479054088412,
  "spleen": 0.5591756289775934,
  "kidney": 0.4033250741441803,
  "liver_left": 0.5464366894287148,
  "liver_right": 0.5397284150454734,
  "ratios": {
    "lung": 0.23584456780333068,
    "spleen": 0.37670499603489294,
    "kidney": 0.2134813639968279,
    "liver_left": 0.10184377478191911,
    "liver_right": 0.07212529738302934
  }
}